date	open	high	low	close	volume	amount	ma5	ma10	ma20	ema12	ema26	rsi14	macd_dif	macd_dea	macd_bar	boll_mid	boll_upper	boll_lower	atr14
2024-01-02	296.6	301.6	291.0	293.2	233541	6962384384.0	285.04	297.28	302.02000000000004	296.2586682894341	301.50722655625657	44.600111383394925	-5.248558266822442	-3.286520093496122	-3.924076346652641	302.02000000000004	324.85004483942225	279.1899551605778	11.56187318816413
2024-01-03	290.6	298.2	289.0	297.2	203917	6085147648.0	290.36	295.9	301.1	296.4034885525981	301.1881727372746	47.27854407248901	-4.784684184676507	-3.5861529117321997	-2.397062545888616	301.1	323.0934918603695	279.10650813963053	11.39316796043812
2024-01-04	301.0	301.0	294.6	295.4	202174	6060645376.0	293.12	294.62000000000006	300.2	296.24910569835225	300.7594192011802	46.19617576491417	-4.510313502827955	-3.770985029951351	-1.478656945753209	300.2	321.53758729520666	278.8624127047933	11.03651310612111
2024-01-05	292.0	293.2	286.2	288.8	237450	6955882496.0	292.96	292.66	299.36999999999995	295.1030894370673	299.87353629738914	42.36627624006143	-4.77044686032184	-3.9708773960254486	-1.599138928592783	299.36999999999995	321.14290445537006	277.59709554462984	10.90533359854103
2024-01-08	291.0	291.2	281.8	284.6	167185	4808946176.0	291.84000000000003	290.04	298.19	293.48722952367234	298.74216323832326	40.08859854982173	-5.254933714650917	-4.227688659750543	-2.0544901098007493	298.19	320.49939382038895	275.88060617961105	10.797809770073812
2024-01-09	282.6	285.8	280.0	280.2	169275	4836417536.0	289.24	287.14	296.98	291.4430403661843	297.3686696651141	37.79611013516948	-5.9256292989298345	-4.567276787586401	-2.7167050226868668	296.98	320.4653235245817	273.4946764754183	10.440823357925684
2024-01-10	278.6	281.8	273.4	276.8	191461	5366551040.0	285.16	287.76	295.71	289.19026492523284	295.8450645047353	36.07917534116651	-6.65479957950248	-4.984781345969617	-3.340036467065726	295.71	320.70531745624544	270.7146825437545	10.295050260930996
2024-01-11	277.2	289.0	276.6	284.0	206046	5923779072.0	282.88	288.0	294.72	288.3917626290432	294.9676523191993	42.07953144404481	-6.575889690156146	-5.303003014806923	-2.545773350698445	294.72	319.9336637977688	269.5063362022312	10.445403813721638
2024-01-12	282.2	289.6	281.4	285.0	157701	4564846592.0	282.12	287.54	293.56999999999994	287.8699529938058	294.2293077029624	42.88151146554953	-6.359354709156548	-5.514273353676848	-1.6901627109594006	293.56999999999994	318.3272721905595	268.8127278094404	10.28501782702724
2024-01-15	286.6	290.4	284.2	286.0	163344	4735733248.0	282.40000000000003	287.12000000000006	292.69	287.5822679178357	293.6197293545947	43.720710113339855	-6.037461436759031	-5.618910970293285	-0.8371009329314916	292.69	317.1960594010969	268.1839405989031	9.993230839382436
2024-01-16	280.4	285.4	276.6	279.0	222361	6296368128.0	282.16	285.7	291.49	286.2619190073994	292.5367864394396	39.36118705064861	-6.274867432040196	-5.7501022626426685	-1.049530338795055	291.49	316.2197732341444	266.76022676585563	9.950857207997974
2024-01-17	273.6	275.4	268.8	271.2	361142	9920053248.0	281.04	283.1	289.49999999999994	283.94470069856874	290.95628374022186	35.154727178435806	-7.011583041653125	-6.00239841844476	-2.0183692464167304	289.49999999999994	314.02393031095187	264.976069689048	9.968653121712403
2024-01-18	271.2	275.8	267.8	274.2	246041	6776283136.0	279.08000000000004	280.98	287.8	282.445515975712	289.7150775372425	37.90342831502599	-7.269561561530509	-6.255831047061911	-2.0274610289371964	287.8	311.56800148810464	264.0319985118954	9.82803504159009
2024-01-19	271.6	279.2	264.8	267.8	268975	7357693440.0	275.64	278.88	285.7699999999999	280.1923596717563	288.0917384604097	34.53976879307089	-7.899378788653394	-6.584540595380207	-2.629676386546373	285.7699999999999	309.0603051888803	262.47969481111954	10.154603967190797
2024-01-22	267.2	268.2	256.8	258.8	336548	8880717824.0	270.2	276.30000000000007	283.17	276.90122741456304	285.92198005593497	30.44776378651756	-9.020752641371928	-7.071783004578552	-3.897939273586752	283.17	306.30467208830305	260.03532791169687	10.243560826677168
2024-01-23	263.4	274.8	259.8	268.6	356108	9683595264.0	268.12000000000006	275.14	281.14	275.62411550463025	284.638870422162	38.93175858702267	-9.014754917531718	-7.460377387169186	-3.1087550607250645	281.14	301.6316825232416	260.6483174767584	10.654735053343083
2024-01-24	276.2	281.0	268.8	278.4	338636	9417935872.0	269.56	275.3	281.53000000000003	276.0511746577641	284.17673187237216	46.02242925292506	-8.12555721460808	-7.593413352656965	-1.064287723902229	281.53000000000003	301.4664358320627	261.59356416793736	10.77939683524715
2024-01-25	281.6	288.6	277.4	287.4	341608	9841463296.0	272.20000000000005	275.64000000000004	281.82000000000005	277.7971477873388	284.41549247441867	51.58244328754024	-6.618344687079855	-7.398399619541544	1.560109864923378	281.82000000000005	301.9287150522945	261.7112849477056	10.809439918443784
2024-01-26	284.8	286.8	277.8	279.4	248158	7079876096.0	274.52	275.08000000000004	281.30999999999995	278.0437404354405	284.04397451335063	46.95271577750754	-6.000234077910079	-7.118766511215251	2.2370648666103445	281.30999999999995	301.10281102882544	261.51718897117445	10.723051352840654
2024-01-29	282.6	285.0	276.0	278.6	201590	5699931136.0	278.48	274.34000000000003	280.73	278.12931882998816	283.64071714199133	46.50322449617695	-5.511398312003166	-6.797292871372835	2.5717891187393374	280.73	300.1012864013687	261.3587135986313	10.599976256209178
2024-01-30	273.8	276.6	269.6	270.4	215060	5913403904.0	278.84	273.4800000000001	279.59	276.9401928561438	282.65992327962164	42.05870329054014	-5.719730423477813	-6.581780381793831	1.724099916632035	279.59	298.55055739802657	260.6294426019734	10.485692237908522
2024-01-31	270.4	274.6	265.0	267.2	200530	5438242304.0	276.6	273.08000000000004	278.09000000000003	275.4417016475063	281.51474377742744	40.43459198505366	-6.073042129921134	-6.480032731419292	0.8139812029963149	278.09000000000003	295.89619643777735	260.2838035622227	10.422428506629345
2024-02-01	266.6	274.4	264.6	268.2	173295	4720878080.0	272.76	272.48	276.73	274.3275937017361	280.528466460581	41.198746528716185	-6.200872758844923	-6.424200736904418	0.44665595611899	276.73	293.0635109192465	260.39648908075355	10.377969327584388
2024-02-02	281.2	284.2	271.6	276.0	310538	8741240832.0	272.08	273.3	276.09000000000003	274.5848869783921	280.193024500538	46.91888333019904	-5.60813752214591	-6.260988093952717	1.3057011436136143	276.09000000000003	291.4034134529414	260.7765865470587	10.779542947042646
2024-02-05	275.0	280.0	270.4	276.2	204566	5693720064.0	271.6	275.04	275.67	274.8333659047933	279.8972449079056	47.06108834644164	-5.063879003112277	-6.021566275784629	1.9153745453447044	275.67	290.4522226090984	260.88777739090165	10.695289879396745
2024-02-06	276.4	289.2	276.2	287.4	288569	8307954688.0	275.0	276.92	276.03	276.7666942271328	280.45300454435704	54.42449908777692	-3.68631031722424	-5.554515084072551	3.736409533696621	276.03	291.6061085607579	260.45389143924206	10.859912030868406
2024-02-07	291.6	293.6	285.4	288.8	263437	7718411776.0	279.32	277.96	276.63	278.6179720383431	281.0713005040343	55.26217036802659	-2.453328465691186	-4.934277760396278	4.961898589410184	276.63	293.22233811770667	260.0376618822933	10.66991831437781
2024-02-08	286.6	289.8	283.0	283.8	179107	5168657920.0	282.44	277.6	276.62000000000006	279.41520710936726	281.27342639262434	51.61351955461508	-1.8582192832570852	-4.31906606496844	4.921693563422709	276.62000000000006	293.19386655652073	260.0461334434794	10.393495577636536
2024-02-09	281.2	284.0	278.0	283.8	67321	1913725696.0	284.0	278.04	276.56000000000006	280.08979063100304	281.4605799931707	51.613519554615074	-1.3707893621676703	-3.729410724408286	4.717242724481231	276.56000000000006	293.0143899118198	260.1056100881803	10.079674464948214
2024-02-14	283.6	287.8	278.6	286.6	115674	3330238464.0	286.08	278.84000000000003	276.59000000000003	281.0913613031564	281.8412777714544	53.60305264100282	-0.749916468297954	-3.13351187318622	4.767190809776531	276.59000000000003	293.1188774414798	260.06112255852025	10.01684057459477
2024-02-15	285.2	286.6	281.6	282.0	125680	3601580288.0	285.0	280.0	276.74000000000007	281.2311518719016	281.85303497356887	49.96805556288655	-0.6218831016672652	-2.631186118882429	4.018606034430327	276.74000000000007	293.41477136280366	260.06522863719647	9.658494819266574
2024-02-16	282.2	288.4	277.0	288.4	172154	4948591616.0	284.92	282.11999999999995	277.6000000000001	282.33405158391673	282.3379953458971	54.582742800495815	-0.0039437619803948	-2.1057376475020217	4.203587771043254	277.6000000000001	294.836436315082	260.3635636849182	9.782888046461816
2024-02-19	288.0	288.0	280.4	281.4	154153	4415094784.0	284.44000000000005	283.44	277.96000000000004	282.1903513402372	282.268514209164	49.233877287366816	-0.0781628689267677	-1.700222691786971	3.2441196457204065	277.96000000000004	295.1981950453874	260.72180495461265	9.655538900285974
2024-02-20	283.6	284.4	277.0	280.8	157730	4459365376.0	283.84000000000003	283.92	278.61	281.9764511340469	282.15973537885554	48.79251278466472	-0.1832842448086467	-1.3968350023913063	2.4271015151653192	278.61	295.2034546386178	262.0165453613822	9.494428978836972
2024-02-21	277.4	291.2	277.4	285.4	239472	6932699136.0	283.6	284.84000000000003	279.93999999999994	282.50315095957814	282.3997549804218	52.32147825642587	0.1033959791563461	-1.096788806081776	2.400369570476244	279.93999999999994	293.9036219099436	265.9763780900563	9.801969766062903
2024-02-22	284.8	288.0	283.4	288.0	124413	3603266048.0	284.8	284.90000000000003	280.9099999999999	283.34882004272	282.8145879448349	54.24098995745215	0.5342320978850239	-0.770584625288416	2.60963344634688	280.9099999999999	294.2375970117275	267.58240298827235	9.430400497058413
2024-02-23	286.6	293.0	283.6	287.4	132298	3842413824.0	284.6	284.76000000000005	281.36	283.97207849768614	283.1542480970694	53.70366808699186	0.8178304006167423	-0.4529016201073843	2.541464041448253	281.36	294.9362020889362	267.7837979110637	9.42822903298281
2024-02-26	284.0	286.8	282.0	283.8	124124	3559024128.0	285.08	284.76000000000005	281.18	283.9456048826575	283.20208157136057	50.4729327305902	0.7435233112969399	-0.2136166338265194	1.914279890246919	281.18	294.51228767836136	267.84771232163865	9.14049838776975
2024-02-27	282.8	282.8	274.8	281.2	236126	6662498816.0	285.16	284.50000000000006	281.27000000000004	283.5232041314794	283.05377923274125	48.21686598736612	0.4694248987381684	-0.0770083273135819	1.0928664521035003	281.27000000000004	294.57597016782347	267.9640298321766	9.13046278864334
2024-02-28	281.6	282.4	273.0	273.6	259035	7245008896.0	282.8	283.20000000000005	281.02	281.99655734202105	282.3534992895752	42.26925056420582	-0.3569419475541622	-0.1329950513616979	-0.4478937923849284	281.02	294.719266211684	267.320733788316	9.149715446597384
2024-02-29	271.8	275.6	271.2	273.8	297219	8231584768.0	279.96000000000004	282.38000000000005	281.19	280.7355485201717	281.71990674960665	42.47036193625696	-0.9843582294349744	-0.3032676869763533	-1.3621810849172422	281.19	294.4103829867948	267.9696170132052	8.810450057554716
2024-03-01	269.6	275.6	268.4	274.0	279527	7713358336.0	277.28000000000003	280.94	281.53	279.6993102862991	281.14806180519133	42.68538226283405	-1.4487515188922089	-0.5323644533595244	-1.832774131065369	281.53	293.52878941269336	269.5312105873066	8.695417910586526
2024-03-04	274.0	276.6	271.4	272.8	138321	3823469312.0	275.08000000000004	280.08000000000004	281.76	278.6378779345608	280.52968685665866	41.678823213972	-1.89180892209788	-0.8042533471071955	-2.175111149981369	281.76	292.822768284069	270.69723171593097	8.445745202687492
2024-03-05	266.8	269.8	262.8	264.8	260551	7021429248.0	271.80000000000007	278.48	281.20000000000005	276.50897363693605	279.3645248672765	35.64429245791601	-2.8555512303404385	-1.214512923753844	-3.2820766131731887	281.20000000000005	294.4149835215724	267.9850164784277	8.556763402495529
2024-03-06	262.6	273.6	262.4	271.2	232893	6357883904.0	271.32	277.06	280.95000000000005	275.6922084620228	278.75974524747824	42.78165882584688	-3.067536785455445	-1.5851176960941644	-2.964838178722561	280.95000000000005	294.73992767438995	267.16007232561014	8.745566016602995
2024-03-07	271.4	272.2	265.8	267.6	171597	4665844736.0	270.08000000000004	275.02000000000004	279.96000000000004	274.4472533140193	277.9330974513688	40.08840719264056	-3.4858441373494884	-1.9652629843452292	-3.041162306008518	279.96000000000004	294.61597058150585	265.3040294184942	8.578025586845637
2024-03-08	268.6	272.2	266.6	266.6	124162	3380545536.0	268.6	272.94000000000005	278.85	273.23998357340093	277.0936087512674	39.34740818706496	-3.8536251778664905	-2.342935423049482	-3.021379509634017	278.85	294.03995512975155	263.6600448702485	8.365309473499519
2024-03-11	267.8	275.2	267.8	275.2	178669	4936584704.0	269.08000000000004	272.08000000000004	278.42	273.54152456210846	276.9533414363588	48.21291250587966	-3.411816874250292	-2.556711713289644	-1.710210321921295	278.42	293.50650146049617	263.33349853950386	8.382073082535264
2024-03-12	278.6	289.2	276.8	287.4	365311	10506831872.0	273.6	272.70000000000005	278.6000000000001	275.67359770639945	277.7271679966285	57.66628064822223	-2.053570290229061	-2.456083428677528	0.8050262768969336	278.6000000000001	294.0385709729228	263.16142902707736	8.78335357663989
2024-03-13	288.0	290.6	285.2	287.2	200744	5850784768.0	276.8	274.06000000000006	278.63	277.44689036695337	278.4288592561375	57.48103648921576	-0.9819688891841452	-2.161260520778852	2.358583263189413	278.63	294.13620928265675	263.12379071734324	8.541685464022757
2024-03-14	286.0	290.6	283.4	285.8	142274	4114240768.0	280.44	275.26000000000005	278.82000000000005	278.73198415665286	278.9748696816088	56.12197761309422	-0.242885524955966	-1.7775855216142744	3.0693999933166167	278.82000000000005	294.5909392972502	263.0490607027499	8.445850788021135
2024-03-15	279.6	282.8	276.2	280.4	291830	8265577984.0	283.2	275.90000000000003	278.42	278.98860197870624	279.0804348903785	51.10305023966368	-0.0918329116722702	-1.4404349996258736	2.6972041759072067	278.42	293.5611047362253	263.2788952637748	8.528290017448198
2024-03-18	278.8	288.0	278.8	286.4	196333	5654374912.0	285.43999999999994	277.26000000000005	278.67	280.12881705890527	279.6226248984986	55.829670950122456	0.5061921604066697	-1.051109567619365	3.114603456052069	278.67	294.1789244257578	263.1610755742422	8.576269301916183
2024-03-19	285.6	287.8	281.6	281.6	156354	4493812224.0	284.28000000000003	278.94000000000005	278.71	280.35515289599675	279.7690971282394	51.53759129928541	0.5860557677573297	-0.723676500544026	2.6194645366027114	278.71	294.2461581650058	263.17384183499416	8.40653578035074
2024-03-20	282.0	286.8	279.6	285.4	156222	4499879424.0	283.92	280.36	278.71	281.1312832196896	280.1862010446661	54.51860211439697	0.945082175023458	-0.3899247654305291	2.6700138809079745	278.71	294.2461581650058	263.17384183499416	8.32035465318283
2024-03-21	291.8	294.8	286.2	287.8	368687	10838694912.0	284.32	282.38	278.70000000000005	282.1572396474296	280.75018615246864	56.34503827153448	1.4070534949609623	-0.0305291133522308	2.875165216626386	278.70000000000005	294.21121835120005	263.18878164880005	8.397472177955489
2024-03-22	284.0	287.0	279.0	285.4	264322	7578584064.0	285.32	284.26	278.6	282.65612585551736	281.09461680784136	54.009301305245216	1.5615090476759974	0.2878785188534148	2.5472610576451653	278.6	293.89939799303	263.30060200697005	8.426224165244383
2024-03-25	285.4	287.2	281.6	285.2	211272	6091145216.0	285.08000000000004	285.25999999999993	278.67	283.0474911085147	281.3987192665198	53.80911813270265	1.6487718419949149	0.5600571834817148	2.1774293170264	278.67	294.0819707405323	263.2580292594677	8.224351010584067
2024-03-26	282.6	297.2	282.6	296.0	339986	10047178752.0	287.96	286.12	279.4100000000001	285.0401847841278	282.480295617148	61.99985083456527	2.559889166979872	0.9600235801813464	3.1997311735970517	279.4100000000001	296.6466683800514	262.1733316199488	8.67975450982806
2024-03-27	292.6	304.2	292.4	298.6	387531	11767791616.0	290.6	287.26000000000005	280.66	287.1263102019543	283.6743477936555	63.6700401212861	3.451962408298812	1.458411345804839	3.9871021249879446	280.66	299.65854842105074	261.6614515789493	8.902629187697485
2024-03-28	298.6	306.2	298.0	300.4	300008	9153818624.0	293.12	288.72	281.99	289.1684163247306	284.91328499412543	64.82276568452963	4.255131330605138	2.0177553427648998	4.474751975680478	281.99	302.6206772091223	261.35932279087774	8.852441388576237
2024-04-02	305.6	309.0	304.4	305.8	265616	8219109888.0	297.20000000000005	291.26	283.5800000000001	291.7271215055412	286.46044906863466	68.09350576104302	5.2666724369065605	2.667538761593232	5.198267350626658	283.5800000000001	306.4030354547801	260.7569645452201	8.834409860820793
2024-04-03	308.6	308.6	303.0	305.0	196969	6080044544.0	301.16	293.12	285.1900000000001	293.76910281238105	287.8337491376247	67.09815572941638	5.935353674756357	3.321101744225857	5.228503861061	285.1900000000001	309.3168489883569	261.0631510116433	8.603380585047882
2024-04-05	306.2	308.2	301.0	306.6	135824	4191612928.0	303.28000000000003	295.62000000000006	287.2800000000001	295.74308699509163	289.2238417940969	68.1024077664244	6.519245200994703	3.960730435579626	5.1170295308301545	287.2800000000001	311.2109181208528	263.3490818791474	8.503139114687318
2024-04-08	301.8	307.6	301.0	302.0	216565	6642554368.0	303.96000000000004	297.28000000000003	288.82	296.70568899584674	290.1702238834231	62.22222842294993	6.535465112423651	4.475677370948431	4.11957548295044	288.82	312.3547536970462	265.2852463029538	8.367200606495368
2024-04-09	304.0	305.4	299.6	301.6	178794	5461280768.0	304.20000000000005	298.66	290.52000000000004	297.4586599195626	291.0168739661325	61.7231565703758	6.441785953430099	4.868899087444765	3.145773731970668	290.52000000000004	312.4586321120766	268.5813678879235	8.183829134602838
2024-04-10	303.0	311.8	303.0	310.8	247301	7718210048.0	305.20000000000005	301.20000000000005	292.73	299.5111737780914	292.482290709382	68.0672108296361	7.028883068709433	5.300895883697699	3.455974370023469	292.73	313.39077901424184	272.0692209857582	8.327841339274062
2024-04-11	306.4	313.2	305.6	311.6	188350	5912379904.0	306.52000000000004	303.84000000000003	294.55	301.3709931968466	293.89841732350186	68.55526226339295	7.472575873344738	5.735231881627107	3.474687983435261	294.55	315.12156954842897	273.97843045157106	8.275852672183056
2024-04-12	310.6	314.6	306.0	306.2	230313	7201401344.0	306.44000000000005	304.86000000000007	295.49	302.1139173204087	294.8096456699091	61.70030848345224	7.304271650499572	6.049039835401601	2.510463630195943	295.49	316.4012309285943	274.5787690714057	8.299006052741412
2024-04-15	301.2	305.4	300.4	301.0	182953	5593339392.0	306.24	305.1	296.18000000000006	301.9425454249612	295.268190435101	55.90340266765564	6.674354989860149	6.174102866293311	1.0005042471336747	296.18000000000006	316.84877634963186	275.51122365036827	8.12050562040274
2024-04-16	297.8	305.0	296.6	298.4	196916	5979714048.0	305.6	304.90000000000003	296.81000000000006	301.3975384365056	295.50017632879724	53.2114425030112	5.897362107708375	6.118754714576324	-0.4427852137358989	296.81000000000006	316.90680781149456	276.7131921885056	8.140469504659686
2024-04-17	298.4	300.6	294.4	297.4	144105	4332377088.0	302.92	304.06	297.66	300.78253252319706	295.64090400814564	52.1708759785152	5.141628515051423	5.923329474671344	-1.5634019192398425	297.66	316.21318386640314	279.1068161335969	8.00186454004114
2024-04-18	298.8	305.4	295.2	301.0	190589	5817113088.0	300.8	303.66	298.39000000000004	300.8159890580898	296.03787408161634	55.54147472438486	4.778114976473489	5.694286575031773	-1.832343197116568	298.39000000000004	316.21226874333075	280.56773125666933	8.158874215752487
2024-04-19	300.0	302.0	296.2	300.4	194726	5891458048.0	299.64	303.0400000000001	299.33000000000004	300.75199074146065	296.3609945200151	54.84771891772061	4.390996221445562	5.433628504314532	-2.0852645657379405	299.33000000000004	315.3117132340791	283.348286765921	7.990383200341596
2024-04-22	304.6	319.2	303.4	317.0	411333	13065634816.0	302.84000000000003	304.54	300.91	303.2516844735436	297.8898097407547	67.09403319570667	5.36187473278892	5.41927775000941	-0.1148060344409813	300.91	317.33512837413616	284.4848716258639	8.762498686031483
2024-04-23	322.6	330.2	321.8	329.0	438217	14443016192.0	308.96	307.28	302.97	307.21296378530616	300.19426827847656	72.83072584267065	7.0186955068296015	5.739161301373448	2.5590684109123067	302.97	322.51095294776684	283.4290470522332	9.07946306560066
2024-04-24	334.4	341.6	332.0	340.8	414727	14131709952.0	317.64000000000004	310.28	305.74000000000007	312.3802001260283	303.2021002578487	77.06493532963127	9.178099868179572	6.4269490147346735	5.5023017068897975	305.74000000000007	329.94407969094806	281.5359203090521	9.33092998948633
2024-04-25	336.8	343.0	333.0	336.0	277276	9447180288.0	324.64	312.72	308.2800000000001	316.01401549125467	305.63157431282286	72.13985324994574	10.382441178431804	7.218047447474101	6.328787461915407	308.2800000000001	334.0215167426487	282.53848325735146	9.37872070452302
2024-04-26	336.6	348.4	336.6	345.0	295995	10298056704.0	333.56	316.6	310.7300000000001	320.4733977233694	308.5477539933545	75.32415777871815	11.925643730014883	8.159566703982257	7.532154052065252	310.7300000000001	340.5539818726199	280.90601812738026	9.594526368485662
2024-04-29	345.0	351.4	341.8	344.2	254165	8909314048.0	339.0	320.92	313.01	324.1236442274664	311.1886611049579	74.50894353111988	12.934983122508529	9.11464998768751	7.640666269642033	313.01	345.7582197186097	280.26178028139026	9.594917342165257
2024-04-30	346.2	347.4	340.6	343.8	159570	5549476864.0	341.96000000000004	325.46	315.18	327.15077588477925	313.60431583792393	74.07724854210718	13.546460046855316	10.001011999521072	7.090896094668487	315.18	350.090266925986	280.2697330740141	9.395280389153449
2024-05-02	345.6	357.8	342.0	357.0	224796	8048229888.0	345.20000000000005	331.42	317.74	331.7429642101978	316.8188109610407	78.50349068195254	14.924153249157088	10.985640249448275	7.877025999417622	317.74	356.99304681438105	278.486953185619	9.852760361356776
2024-05-03	367.6	369.2	357.2	361.0	235923	8612647936.0	350.2	337.42	320.54	336.2440466393981	320.0914916305933	79.63809200795738	16.152555008804825	12.019023201319586	8.267063614970478	320.54	363.75580607530406	277.324193924696	10.020420335545577
2024-05-06	361.2	369.6	359.6	366.8	262083	9662185472.0	354.56000000000006	344.06	323.55000000000007	340.9449625410292	323.55138113943826	81.18851799983204	17.393581401590893	13.093934841373848	8.59929312043409	323.55000000000007	370.8688290107521	276.231170989248	10.018961740149464
2024-05-07	364.0	367.8	360.0	362.4	194081	7119649792.0	358.20000000000005	348.6	326.57	344.24573753471697	326.429056610591	76.43377296058324	17.81668092412599	14.038484057924276	7.556393732403425	326.57	375.7701326485303	277.3698673514697	9.860464472995933
2024-05-08	363.0	368.4	356.4	358.0	200581	7307654656.0	361.0400000000001	351.5	329.39	346.3617779139913	328.7676450098065	71.89915120952614	17.594132904184846	14.749613827176391	5.689038154016906	329.39	379.0274179743394	279.75258202566056	10.013288439210507
2024-05-09	357.6	366.6	357.0	366.4	160260	5882164736.0	362.9200000000001	354.06	332.17	349.4445813118388	331.5552268609319	74.95409855455112	17.889354450906865	15.377561951922488	5.023584997968754	332.17	383.6184555545521	280.7215444454478	9.98376783640976
2024-05-10	370.4	370.8	361.6	367.6	156930	5809252352.0	364.24	357.22	334.97	352.2377226484789	334.22521005641846	75.36610500953199	18.01251259206049	15.90455207995009	4.215921024220798	334.97	387.7821636706951	282.15783632930487	9.927784419523348
2024-05-13	365.2	376.6	364.6	374.8	205581	7727774720.0	365.84	360.20000000000005	338.4	355.70884224102065	337.2307500522393	77.73293105863625	18.47809218878137	16.419260101716347	4.117664174130056	338.4	392.2453145105324	284.55468548946754	10.075799818128823
2024-05-14	377.6	381.4	375.2	378.4	216031	8251923968.0	369.04	363.62	342.27000000000004	359.1997895885559	340.28032412244374	78.82825983544816	18.91946546611217	16.919301174595514	4.000328583033316	342.27000000000004	395.9228058814137	288.6171941185864	9.827528402548191
2024-05-16	396.6	397.6	391.2	393.6	584308	23268552704.0	376.16	368.6	347.03000000000003	364.492129651855	344.2299297430035	82.6981581416804	20.262199908851528	17.587880921446718	5.34863797480962	347.03000000000003	401.1847529138408	292.8752470861593	10.49699065950904
2024-05-17	397.0	400.2	394.2	395.0	279164	11081611264.0	381.88000000000005	372.4	351.9100000000001	369.1856481669543	347.9906756879662	83.00626472435594	21.194972478988063	18.309299232954988	5.771346492066151	351.9100000000001	404.8095035296687	299.0104964703315	10.218634183829822
2024-05-20	397.0	399.8	392.8	395.0	223320	8829406208.0	387.36	375.8	356.61000000000007	373.1570869104997	351.47284785922795	83.00626472435593	21.68423905127179	18.98428719661835	5.3999037093068765	356.61000000000007	407.1133985307828	306.1066014692173	9.988731742127692
2024-05-21	393.4	393.4	379.6	383.6	306798	11791772672.0	389.12	377.48	360.77	374.763688924269	353.85263690669257	71.05651699506596	20.911052017576424	19.369640160809965	3.082823713532917	360.77	405.1086536842005	316.4313463157996	10.375250903404284
2024-05-22	379.2	386.8	376.6	384.4	223748	8564093952.0	390.3200000000001	379.68	364.14	376.2461983205353	356.11540454323386	71.36802484373314	20.13079377730145	19.521870884108264	1.21784578638637	364.14	404.5420009926693	323.7379990073307	10.362732981732549
2024-05-23	380.6	384.0	376.4	381.8	183240	6982436352.0	387.96	382.06000000000006	366.7799999999999	377.1006293481453	358.017967169661	68.77724205935567	19.08266217848427	19.434029142983466	-0.7027339289983914	366.7799999999999	404.3122794405176	329.2477205594823	10.193966340180223
2024-05-24	378.2	382.6	374.8	377.0	191433	7222648320.0	384.36	383.12	368.59	377.08514790996907	359.42404367561204	64.1474717853559	17.661104234357026	19.07944416125818	-2.836679853802309	368.59	404.2939228273904	332.8860771726096	10.022968744453069
2024-05-27	372.0	377.6	362.4	377.4	321321	11927774208.0	380.84	384.1	370.66	377.13358669305074	360.7555959959371	64.36276095015344	16.37799069711366	18.53915346842928	-4.3223255426312335	370.66	403.05547726719726	338.2645227328028	10.392756691277851
2024-05-28	377.2	386.0	373.4	380.2	166148	6330014208.0	380.16	384.64	372.42	377.6053425864275	362.1959222184603	65.90610152361306	15.409420367967243	17.91320684833687	-5.007572960739253	372.42	402.70145863136656	342.13854136863347	10.55041692761515
2024-05-29	377.4	379.8	369.6	371.0	273782	10232748032.0	377.48	383.9	373.76	376.5891360346695	362.848076128204	57.1486423677704	13.741059906465525	17.078777459962602	-6.675435106994158	373.76	401.0028764228472	346.5171235771528	10.553958575642636
2024-05-30	370.0	374.2	365.8	368.0	220065	8119057920.0	374.72	381.34	374.97	375.2677304908742	363.22970011870734	54.60081648458748	12.038030372166872	16.070628042403456	-8.065195340473167	374.97	398.5077501943488	351.4322498056513	10.40010439166816
2024-05-31	371.2	379.0	359.8	359.8	400359	14674998272.0	371.2800000000001	377.8200000000001	375.11	372.8880796461244	362.9756482580624	48.266665577363256	9.912431388062032	14.838988711535173	-9.85311464694628	375.11	398.22726627438976	351.99273372561026	11.028668363691862
2024-06-03	366.8	379.0	366.6	375.0	281254	10465479680.0	370.80000000000007	375.8200000000001	375.81	373.2129904697976	363.8663409796873	57.99438499375262	9.346649490110224	13.740520867250185	-8.787742754279918	375.81	397.95572787602447	353.66427212397554	11.612334909142442
2024-06-04	375.0	379.6	373.8	377.4	180431	6808408576.0	370.24	375.2000000000001	376.34	373.8571457821364	364.8688342404512	59.29584737487	8.988311541685164	12.79007900213718	-7.603534920904032	376.34	398.08148593190776	354.5985140680922	11.197168129917982
2024-06-05	377.6	387.8	377.6	380.8	202054	7734931968.0	372.2000000000001	374.84	377.2600000000001	374.9252772002693	366.0489205930104	61.13305014032648	8.876356607258856	12.007334523161516	-6.26195583180532	377.2600000000001	398.05437170817777	356.4656282918223	11.140227549209555
2024-06-06	387.4	391.0	379.0	381.6	188889	7252563456.0	374.92	374.8200000000001	378.44	375.952157630997	367.2008524009356	61.572546949481	8.751305230061462	11.356128664541506	-5.209646868960089	378.44	397.21270134505113	359.66729865494887	11.20163986712316
2024-06-07	383.0	384.6	372.8	374.8	252473	9484569600.0	377.9200000000001	374.6000000000001	378.86	375.7749026108436	367.7637522230885	55.79704090296042	8.011150387755094	10.687133009184224	-5.35196524285826	378.86	396.85840928646513	360.8615907135349	11.244379876614364
2024-06-11	367.4	377.8	367.4	373.8	264968	9897549824.0	377.68000000000006	374.24000000000007	379.17	375.4710714399446	368.2108816880449	54.98029723092265	7.260189751899702	10.00174435772732	-5.483109211655236	379.17	396.5549420628118	361.7850579371882	11.18406702828477
2024-06-12	373.8	377.8	369.6	370.8	149601	5568239616.0	376.36000000000007	373.3	378.97	374.7524450645685	368.4026682296712	52.497620531666776	6.349776834897341	9.271350853161325	-5.843148036527968	378.97	396.6560456441604	361.2839543558397	10.970919383407288
2024-06-13	376.4	380.6	373.6	379.8	153370	5782500352.0	376.1600000000001	374.18	379.0400000000001	375.5289919777118	369.2469150274733	58.545349027929824	6.2820769502384906	8.673496072576759	-4.782838244676537	379.0400000000001	396.7276287423534	361.3523712576468	10.887282284592482
2024-06-14	383.6	383.6	378.6	379.8	208593	7947024896.0	375.80000000000007	375.36	378.3500000000001	376.1860701349869	370.0286250254383	58.545349027929824	6.157445109548632	8.170285879971134	-4.025681540845003	378.3500000000001	394.6698942205345	362.03010577946566	10.466762121407305
2024-06-17	376.2	385.8	374.8	381.2	152811	5828851712.0	377.08	377.50000000000006	377.6600000000001	376.9574439603736	370.8561342828132	59.476120009221816	6.101309677560323	7.756490639488972	-3.3103619238572985	377.6600000000001	392.0711652620996	363.24883473790055	10.504850541306784
2024-06-18	381.4	383.8	377.0	377.0	142789	5421694976.0	377.72	377.7000000000001	376.7600000000001	376.963991043393	371.3112354470493	55.45353918409277	5.652755596343695	7.335743630859918	-3.3659760690324454	376.7600000000001	388.6369834909009	364.8830165090993	10.24021835978487
2024-06-19	380.4	391.0	378.4	389.0	223135	8621511680.0	381.36000000000007	378.86	377.0300000000001	378.8156847290248	372.6215143028234	63.12694124539922	6.194170426201424	7.10742898992822	-1.826517127453592	377.0300000000001	389.7754594598677	364.2845405401325	10.50877419122881
2024-06-20	392.0	392.0	385.6	387.6	140490	5458760192.0	382.92	379.5400000000001	377.19000000000005	380.1671178476364	373.7310317618735	61.78966218923969	6.436086085762895	6.973160409095156	-1.074148646664522	377.19000000000005	390.39699973901287	363.9830002609872	10.21529032042675
2024-06-21	383.8	385.2	378.0	381.4	258550	9865327616.0	383.24	379.52	377.17	380.3567920249231	374.2991034832162	56.11980895109128	6.057688541706909	6.790066035617507	-1.4647549878211947	377.17	390.34878678231246	363.9912132176876	10.17134101182484
2024-06-24	377.6	381.0	374.0	380.4	129196	4877043200.0	383.08	380.08	377.34	380.3634394057042	374.7510217437186	55.23937307381793	5.612417661985546	6.554536360891115	-1.8842373978111373	377.34	390.5970378528765	364.0829621471236	9.973388082408778
2024-06-25	381.8	385.0	378.6	382.0	127895	4886651392.0	384.08	380.9	377.5700000000001	380.6152179586728	375.28798309603576	56.41751656270171	5.327234862636999	6.309076061240292	-1.9636823972065864	377.5700000000001	390.9900321593845	364.1499678406156	9.718146076522435
2024-06-26	379.2	383.0	377.0	382.0	118869	4523976704.0	382.68	382.02	377.66	380.8282613496462	375.78516953336646	56.41751656270171	5.043091816279741	6.055879212248183	-2.025574791936883	377.66	391.1780814584322	364.1419185415679	9.452564213913693
2024-06-27	379.6	380.0	372.2	374.4	175138	6579330560.0	380.04	381.48	377.83	379.8392980650853	375.6825643827468	49.27298332023089	4.156733682338484	5.676050106266243	-3.038632847855519	377.83	391.0782531122912	364.5817468877089	9.477381055777
2024-06-28	371.6	376.0	370.8	372.4	155611	5808359936.0	378.24	380.74	378.05000000000007	378.6947906704568	375.4394114655063	47.56589247714254	3.2553792049504864	5.191915926003092	-3.873073442105211	378.05000000000007	390.74554418314864	365.3544558168515	9.171853837507214
2024-07-02	367.0	376.2	365.2	369.2	272666	10065078272.0	376.0	379.54	378.52	377.23405364423263	374.97723283843175	44.88631456464365	2.256820805800885	4.60489690196265	-4.696152192323531	378.52	388.8455635758493	368.1944364241508	9.3024357062567
2024-07-03	366.8	380.8	366.8	379.4	222570	8344723968.0	375.48	379.78	378.74	377.56727616050455	375.3048452207702	53.81705108433929	2.2624309397343723	4.136403709516995	-3.7479455395652455	378.74	388.93646997744855	368.54353002255147	9.63797601295265
2024-07-04	386.8	386.8	378.6	382.4	154371	5903308288.0	375.56000000000006	379.12	378.99	378.31077213581153	375.8304122414538	56.071695365963954	2.4803598943576617	3.8051949464851287	-2.649670104254934	378.99	389.2927640645328	368.6872359354672	9.53526344059889
2024-07-05	384.8	385.6	378.8	379.8	105221	4013583616.0	376.64	378.34	378.94000000000005	378.5398841149174	376.12445577912393	53.62812009274531	2.4154283357934787	3.5272416243467988	-2.22362657710664	378.94000000000005	389.2154485111975	368.6645514888026	9.339887480556111
2024-07-08	381.8	383.2	375.6	378.6	116232	4404429824.0	377.88	378.06000000000006	378.79	378.5491327126224	376.30782942511473	52.49112011520004	2.2413032875076624	3.270053956978972	-2.057501338942619	378.79	388.98925693892807	368.590743061072	9.21560980337353
2024-07-09	377.0	382.2	376.0	381.0	130244	4937582080.0	380.24	378.12000000000006	379.1	378.9261892183728	376.655397615847	54.5658655642291	2.270791602525833	3.070201486088344	-1.5988197671250228	379.1	389.1646332325758	369.03536676742425	9.000209103132562
2024-07-10	385.2	385.8	376.8	377.6	155866	5939592704.0	379.88	377.68000000000006	379.2900000000001	378.72216010785394	376.72536816282127	51.157459294620224	1.996791945032669	2.8555195778772093	-1.7174552656890807	379.2900000000001	389.0728851626843	369.50711483731584	9.000194167194522
2024-07-11	379.4	386.0	378.2	384.8	165901	6361566208.0	380.36	377.9600000000001	379.99000000000007	379.6572123989533	377.3234890396493	57.24762139196992	2.333723359304031	2.751160334162574	-0.8348739497170863	379.99000000000007	389.2018687744013	370.7781312255988	8.957323155252054
2024-07-12	390.8	397.2	389.2	397.0	275214	10843285504.0	383.80000000000007	380.22	380.85	382.3253335683451	378.7810083700456	65.17208831676032	3.5443251982994752	2.9097933069899544	1.2690637826190416	380.85	392.7936395758069	368.9063604241931	9.20322864416262
2024-07-15	393.2	397.0	388.6	390.2	136802	5356488192.0	386.12000000000006	382.0	381.37000000000006	383.5368207116766	379.62685960189407	58.64696015426589	3.909961109782557	3.1098268675484757	1.600268484468164	381.37000000000006	394.00663846044256	368.7333615395576	9.145855169579573
2024-07-16	386.0	387.4	377.8	378.0	190611	7266853888.0	385.52	382.88	381.21	382.68500214064943	379.5063514832353	49.14079805854835	3.1786506574141526	3.1235916255216107	0.1101180637850838	381.21	393.93641678602097	368.4835832139791	9.378294086038174
2024-07-17	375.0	377.4	368.4	371.8	258578	9626460160.0	384.36000000000007	382.12	380.95	381.01038642670335	378.9355106326252	45.13668856009899	2.074875794078139	2.913848459232917	-1.677945330309556	380.95	394.2386180027136	367.6613819972864	9.394130222749734
2024-07-18	368.0	371.6	367.0	369.2	189447	7004246528.0	381.24	380.8	379.96	379.1934038995182	378.2143616968752	43.53467784322229	0.9790422026430292	2.52688720791494	-3.0956900105438203	379.96	393.6670707838941	366.2529292161059	9.065978063981897
2024-07-19	366.6	368.4	363.0	364.0	230885	8436931584.0	374.64	379.22	378.78	376.8559571457462	377.1614460156252	40.44300309571392	-0.3054888698790137	1.960411992356149	-4.531801724470325	378.78	393.7251770076664	363.8348229923336	8.861265345126046
2024-07-22	367.2	375.8	365.4	373.2	169609	6308845056.0	371.24	378.68	378.37	376.29350220024673	376.86800557002334	47.5411703448337	-0.5745033697766075	1.4534289199295978	-4.055864579412411	378.37	393.4617335337476	363.2782664662524	9.07117496333133
2024-07-23	375.0	376.4	366.0	366.2	121045	4468644352.0	368.88	377.2	377.66	374.7406557079011	376.0777829352068	43.31145530054166	-1.3371272273057002	0.8953176904825382	-4.464889835576477	377.66	393.6584736114341	361.66152638856585	9.166091037379092
2024-07-24	365.8	369.6	360.6	363.2	118002	4296613376.0	367.16	375.76	376.72	372.96517021437785	375.1238730881544	41.60311272405379	-2.1587028737765763	0.2845135776307153	-4.886432902814583	376.72	393.8163338637257	359.6236661362744	9.154227391852013
2024-07-25	360.2	361.6	351.0	351.2	257873	9109435392.0	363.56	372.4	375.18000000000006	369.6166824890889	373.35173434088375	35.56097616104095	-3.7350518517948217	-0.5193995082543921	-6.431304687080859	375.18000000000006	395.5156673955416	354.84433260445854	9.371782578148297
2024-07-26	352.8	358.4	352.4	354.4	132673	4713927168.0	361.64	368.14	374.18000000000006	367.2756544138445	371.9479021674849	38.14098462056427	-4.67224775364042	-1.3499691573315975	-6.644557192617644	374.18000000000006	396.5430898910399	351.8169101089602	9.216655251137704
2024-07-29	359.8	362.0	353.8	358.2	128722	4621511680.0	358.64	364.94	373.4700000000001	365.8793998886377	370.9295390439676	41.15404011226949	-5.050139155329873	-2.090003156931253	-5.92027199679724	373.4700000000001	396.9450573117624	349.99494268823776	9.144037018913584
2024-07-30	355.4	357.6	352.4	353.6	97496	3449680128.0	356.12	362.5	372.69000000000005	363.9902614442319	369.6458694851551	38.69685052871454	-5.655608040923198	-2.803124133729642	-5.704967814387112	372.69000000000005	397.7458870065554	347.6341129934447	8.905177231848327
2024-07-31	352.2	366.8	351.0	362.2	203043	7342932992.0	355.92	361.54	371.83	363.71483660665774	369.0943235973658	45.27545331628794	-5.379486990708074	-3.3183967051253287	-4.12218057116549	371.83	397.0960037870948	346.5639962129053	9.39766457243059
2024-08-01	363.8	368.6	363.6	365.6	124123	4542267392.0	358.8	361.18	370.99	364.004861744095	368.8354848123757	47.66654081505214	-4.830623068280715	-3.620841977756406	-2.4195621810486188	370.99	395.89080531356825	346.08919468643177	9.183545674399836
2024-08-02	360.8	365.4	356.2	358.2	177076	6362989568.0	359.56	360.6	369.91	363.11180609115735	368.0476711225701	43.23840948891515	-4.9358650314127885	-3.8838465884876823	-2.104036885850212	369.91	395.0742101740804	344.74578982591964	9.199006697656994
2024-08-05	352.0	364.2	349.0	356.6	229635	8149878272.0	359.24	358.94000000000005	368.81000000000006	362.10998976944086	367.1996954838612	42.32291574184753	-5.089705714420347	-4.125018413674216	-1.9293746014922637	368.81000000000006	394.2960870197848	343.32391298021537	9.62764907639578
2024-08-06	360.6	363.4	349.4	354.4	176744	6271400448.0	359.4	357.76000000000005	367.48	360.9238374972192	366.251569892464	41.03632186200051	-5.327732395244823	-4.365561209988337	-1.9243423705129707	367.48	393.06367900791537	341.89632099208467	9.939959856653225
2024-08-07	355.2	365.4	355.2	363.4	158403	5741645312.0	359.64	357.78	366.77	361.3047855745701	366.0403424930223	48.00049589327791	-4.735556918452176	-4.439560351681106	-0.5919931335421396	366.77	391.9562201255296	341.58377987447045	10.015677009749425
2024-08-08	361.2	374.4	359.4	368.2	188115	6937668096.0	360.16	359.48	365.94000000000005	362.365587793867	366.2003171231688	51.30390666773572	-3.834729329301752	-4.318594147205236	0.9677296358069682	365.94000000000005	389.676837904096	342.20316209590413	10.371700080481608
2024-08-09	371.4	376.0	368.4	370.0	163539	6076519424.0	362.52	361.04	364.59	363.5401127486567	366.4817751140452	52.52197588169696	-2.941662365388481	-4.043207790841885	2.203090850906808	364.59	383.46152128977945	345.7184787102206	10.188007217590066
2024-08-12	372.0	376.6	370.0	375.0	102153	3820531968.0	366.2	362.72	363.83	365.3031723257864	367.112754735227	55.827299443630615	-1.8095824094405657	-3.5964827145616214	3.573800610242112	363.83	379.2714479823172	348.3885520176829	9.931720987762208
2024-08-13	376.0	380.6	375.6	378.6	135904	5139849728.0	371.04	365.22	363.86000000000007	367.34883812181926	367.9636617918768	58.08964955297306	-0.6148236700575467	-3.000150905660807	4.77065447120652	363.86000000000007	379.4192450094563	348.30075499054385	9.622312345779196
2024-08-14	378.6	379.4	369.4	373.8	186927	6972998656.0	373.12	366.38	363.96	368.3413245646163	368.3959831406266	54.11032444945722	-0.0546585760103539	-2.4110524397307165	4.712787727440725	363.96	379.75798787990936	348.1620121200907	9.649290035366397
2024-08-15	366.2	374.8	364.2	368.4	214438	7911689216.0	373.16	366.66	363.92	368.3503515546753	368.3962806857654	49.96363159404195	-0.0459291310901335	-1.9380277780026	3.7841972938249326	363.92	379.66609057582815	348.1739094241719	9.717197889983082
2024-08-16	372.0	375.2	368.8	372.6	164143	6118049792.0	373.68000000000006	368.1	364.35	369.0041436231868	368.7076673016347	52.98169861578274	0.2964763215521202	-1.491126958091656	3.5752065592875524	364.35	380.5679238077106	348.13207619228945	9.508826612127148
2024-08-19	377.6	377.6	371.2	372.6	152102	5682955776.0	373.2000000000001	369.7	364.32	369.55735229654266	368.9959882422543	52.981698615782726	0.5613640542883331	-1.0806287556156582	3.283985619807982	364.32	380.471076222934	348.168923777066	9.286767568403782
2024-08-20	372.8	373.8	369.0	370.4	118526	4396264960.0	371.56	371.3	364.53	369.6869904047669	369.0999891131984	51.10893614981918	0.5870012915684129	-0.747102746178844	2.6682080754945137	364.53	380.8918426449458	348.1681573550541	8.966284170660655
2024-08-21	367.4	373.8	365.2	371.6	116471	4321314304.0	371.12	372.12000000000006	364.95	369.9812995732642	369.2851751048134	52.103435337037325	0.6961244684508188	-0.4584573032529114	2.30916354340746	364.95	381.59685840445474	348.30314159554524	8.940121015613467
2024-08-22	374.8	377.8	371.2	377.8	167869	6292362752.0	373.0	373.08	366.2799999999999	371.1841765619928	369.9159028748272	56.97321154154059	1.2682736871656175	-0.1131111051692057	2.7627695846696465	366.2799999999999	382.547448931469	350.01255106853085	8.772969514498222
2024-08-23	377.0	378.6	373.6	375.6	130556	4915768320.0	373.6	373.64	367.3399999999999	371.863534013994	370.33694710632153	54.84243908467948	1.5265869076724243	0.2148284973991203	2.623516820546608	367.3399999999999	383.1030347065213	351.5769652934785	8.503471692034063
2024-08-26	378.0	384.8	377.6	382.0	162511	6187193344.0	375.48	374.34	368.53	373.42299031953337	371.2008769502977	59.57853412462794	2.222113369235672	0.6162854717664307	3.2116557949384816	368.53	384.96681362388574	352.0931863761142	8.55322371403163
2024-08-27	378.0	382.6	377.2	381.8	136755	5201725952.0	377.76	374.66	369.94	374.7117610396052	371.9859971762016	59.36898576419149	2.7257638634035857	1.0381811500938616	3.375165426619448	369.94	385.8127041440074	354.0672958559926	8.327993448743658
2024-08-28	383.0	383.0	372.4	374.2	146025	5488468992.0	378.28	374.7	370.54	374.6330285719736	372.1499973853718	51.89897069110517	2.4830311866018064	1.3271511573954506	2.311760058412712	370.54	386.0846250653443	354.9953749346556	8.490279630976255
2024-08-29	370.0	378.0	369.0	377.6	128904	4823697920.0	378.24	375.62	371.14	375.08948571474696	372.55370128275166	54.64817266539488	2.535784431995296	1.5688778123154197	1.9338132393597527	371.14	386.8076535710401	355.47234642895984	8.526688228763666
2024-08-30	377.6	385.6	376.8	382.0	308733	11814703104.0	379.52	376.56	372.33	376.15264175863206	373.253427113659	57.99413217780109	2.8992146449730853	1.834945178846953	2.1285389322522645	372.33	387.4657506377942	357.1942493622059	8.546210498137691
2024-09-02	380.0	383.2	376.4	377.8	138787	5266962944.0	378.68	377.08	373.39	376.4060814880733	373.590210290425	53.90583054782599	2.8158711976483346	2.0311303826072296	1.56948163008221	373.39	386.7529338096488	360.02706619035115	8.421481176842143
2024-09-03	378.0	381.4	374.8	378.2	98149	3712929024.0	377.96	377.86	374.58	376.6820689514466	373.931676194838	54.23671128689745	2.750392756608676	2.174982857407519	1.1508197984023134	374.58	384.6575101353143	364.5024898646857	8.291375378496273
2024-09-04	374.2	376.6	371.2	372.8	132789	4953267712.0	377.68	377.98	375.05	376.084827574301	373.84784832855365	49.1113357535766	2.236979245747364	2.187382135075488	0.0991942213437511	375.05	383.7090384783453	366.39096152165473	8.199134280032254
2024-09-05	370.4	376.6	370.4	373.4	95763	3573609728.0	376.84	377.54	375.31000000000006	375.6717771782547	373.8146743782904	49.68033573536481	1.8571027999642524	2.121326268053241	-0.5284469361779776	375.31000000000006	383.3963497718452	367.22365022815495	8.056338974315668
2024-09-09	370.0	371.2	365.2	371.2	200782	7403940864.0	374.68	377.1	375.37000000000006	374.9838114585232	373.6209947947133	47.579615388158224	1.3628166638098378	1.9696243472045607	-1.2136153667894458	375.37000000000006	383.30688259105546	367.4331174089447	8.066600476150263
2024-09-10	369.2	370.6	366.0	368.6	123034	4541788160.0	372.84	375.76	375.05000000000007	374.0016866187504	373.2490692543642	45.14979138277357	0.7526173643861398	1.7262229506408766	-1.9472111725094736	375.05000000000007	383.5460672016987	366.5539327983015	7.861843299282388
2024-09-11	366.6	370.6	365.0	370.2	120436	4427792896.0	371.24000000000007	374.6	374.63000000000005	373.4168117543272	373.0232122725594	46.9453862946255	0.393599481767751	1.4596982568662515	-2.132197550197001	374.63000000000005	383.2171630019524	366.0428369980477	7.700283063619361
2024-09-12	371.0	377.0	369.6	372.6	138004	5155819520.0	371.2000000000001	374.44	374.57	373.2911484075076	372.9918632153328	49.610093972294656	0.2992851921747501	1.2276156439279513	-1.8566609035064023	374.57	383.1982522473066	365.94174775269335	7.678834273360834
2024-09-13	372.8	376.8	372.8	374.8	110138	4126159616.0	371.48	374.16	374.89	373.5232794217373	373.1257992734563	51.99049311005171	0.3974801482809198	1.061588544798545	-1.3282167930352502	374.89	383.0147898758897	366.7652101241104	7.430346110977916
2024-09-16	372.6	377.8	370.4	377.8	76892	2888661760.0	372.8	373.74	375.15	374.1812364337777	373.4720363643114	55.104987748104136	0.7092000694663056	0.9911108497320972	-0.563821560531583	375.15	383.2990070432241	367.000992956776	7.428178531622353
2024-09-17	372.0	381.4	372.0	380.0	101479	3843832320.0	375.08	373.96	375.52	375.0764308285811	373.9555892262143	57.29297971403926	1.120841602366852	1.0170570002590482	0.2075692042156074	375.52	383.8514496117193	367.1885503882807	7.569022922220755
2024-09-19	379.6	389.8	376.6	388.8	258020	9956352000.0	378.8	375.0200000000001	376.44	377.1877491626456	375.0551752094577	64.7031509082593	2.1325739531878867	1.240160390844816	1.7848271246861414	376.44	386.31210850410486	366.567891495895	7.971235570633558
2024-09-20	390.0	393.4	383.8	388.6	284071	11037803520.0	382.00000000000006	376.6	377.29	378.9434800607001	376.05849556431264	64.42953209533546	2.88498449638746	1.569125211953345	2.6317185688682305	377.29	388.27245490728274	366.3075450927173	8.087575887016873
2024-09-23	388.0	392.0	385.2	387.6	152230	5901922304.0	384.56000000000006	378.02	377.78	380.275252359054	376.913421818808	62.99509358193631	3.3618305402459896	1.9276662776118736	2.868328525268232	377.78	389.6933008374307	365.8666991625694	7.995606180801384
2024-09-24	393.0	402.2	389.4	402.2	429190	17036650496.0	389.44	381.12	379.11	383.648290457661	378.7865016840815	72.59004567607624	4.861788773579519	2.514490776805403	4.694595993548233	379.11	395.2041833232728	363.0158166767271	8.467348596458425
2024-09-25	418.0	418.0	401.4	405.4	401121	16419449856.0	394.52	384.8	380.28	386.9947073103285	380.75787192970506	74.17084075827313	6.236835380623461	3.258959697569015	5.955751366108892	380.28	400.205080730232	360.354919269768	9.048252268139969
2024-09-26	408.0	430.0	406.8	430.0	502549	21170862080.0	402.76	390.78	382.69	393.61090618566254	384.40543697194914	82.51786332586997	9.2054692137134	4.448261600797892	9.514415225831016	382.69	412.5648195326138	352.8151804673862	10.159091391844258
2024-09-27	443.2	444.8	432.6	437.8	571548	25050355712.0	412.6	397.30000000000007	385.87	400.40922831094525	388.3605897888418	84.25526722161607	12.048638522103431	5.9683369850590005	12.16060307408886	385.87	424.26457746802697	347.47542253197304	10.490584863855386
2024-09-30	449.6	457.4	434.2	444.6	754595	33640910848.0	424.0	404.2800000000001	389.22	407.2078085707998	392.5264720267054	85.59895758545245	14.681336544094393	7.710936896866079	13.940799294456626	389.22	435.46545952108943	342.9745404789106	11.398400230722858
2024-10-02	450.0	479.6	449.2	470.0	487669	22740695040.0	437.56	413.5	393.62	416.8681457137537	398.2652518765791	89.27935243894089	18.602893837174577	9.889328284927778	17.427131104493597	393.62	452.1001036790863	335.1398963209137	13.084228785671224
2024-10-03	471.0	476.6	453.2	466.2	316008	14666391552.0	449.72	422.12	398.04	424.4576617577916	403.29745544127695	85.74864045512776	21.160206316514632	12.14350389124515	18.033404850538965	398.04	464.3272346208912	331.7527653791089	13.821069586694712
2024-10-04	470.0	479.0	462.2	477.6	246637	11687744512.0	459.24	431.0	403.0100000000001	432.63340610274673	408.801347630812	87.36320080367855	23.832058471934715	14.481214807383065	18.7016873291033	403.0100000000001	477.4392500510298	328.58074994897026	14.033850330502236
2024-10-07	479.8	482.4	469.6	478.4	253344	12100494336.0	467.36000000000007	439.98	408.2900000000001	439.674420548478	413.95680336186297	87.47047674919396	25.71761718661503	16.728495283229456	17.978243806771147	408.2900000000001	488.4570335185149	328.12296648148526	13.945718164037787
2024-10-08	472.0	476.8	438.6	438.6	704680	31910930432.0	466.16	445.08	411.55000000000007	439.50912507948135	415.7822253350583	60.12445357597999	23.726899744423065	18.128176175468177	11.197447137909776	411.55000000000007	491.0430119404793	332.05698805952085	15.792452580892228
2024-10-09	449.0	453.0	424.0	434.2	463729	20395255808.0	459.0000000000001	448.28	414.7000000000001	438.692336605715	417.1465049398688	57.966873856527286	21.545831665846208	18.811707273543785	5.468248784604846	414.7000000000001	492.4341759155128	336.9658240844873	16.73584882511421
2024-10-10	438.0	448.6	436.4	438.8	331112	14647697408.0	453.52	451.62000000000006	418.21	438.7089002048358	418.7504675369156	59.59915872971518	19.95843266792025	19.04105235241908	1.8347606310023397	418.21	493.4801212825876	342.9398787174125	16.569002480463197
2024-10-14	440.8	440.8	424.0	436.0	303168	13164336128.0	445.2	452.2200000000001	421.50000000000006	438.2921463271688	420.0282106823293	58.11966791915	18.26393564483953	18.885629010903173	-1.2433867321272771	421.50000000000006	493.6206591323519	349.37934086764824	16.585502303287257
2024-10-15	433.8	433.8	412.6	417.0	334784	14096595968.0	432.92	450.14	423.7200000000001	435.0164315076044	419.80389877993446	49.19532535269207	15.212532727669895	18.15100975425652	-5.876954053173243	423.7200000000001	492.14140631488016	355.29859368512	17.072252138766736
2024-10-16	415.0	425.8	412.6	415.8	224903	9408092160.0	428.36000000000007	447.26	425.7700000000001	432.06005742951135	419.5073136851245	48.68684164843893	12.552743744386817	17.031356552282578	-8.957225615791522	425.7700000000001	490.3701173210652	361.16988267893504	16.795662700283398
2024-10-17	418.0	426.8	410.0	412.6	164769	6891360768.0	424.0400000000001	441.52	427.5100000000001	429.06620244035577	418.99566081955976	47.28333423312835	10.070541620796009	15.639193565985265	-11.137303890378517	427.5100000000001	488.4402586655699	366.5797413344302	16.795972507406013
2024-10-18	412.6	435.6	411.4	430.8	259639	11032074240.0	422.4400000000001	437.98	430.05000000000007	429.3329405264549	419.8700563144072	55.19450070650662	9.462884212047696	14.403931695197752	-9.882094966300109	430.05000000000007	486.7281309352769	373.3718690647232	17.324831614019875
2024-10-21	430.6	431.4	419.2	421.0	163341	6931274752.0	419.44	432.32	431.6600000000001	428.050949676231	419.9537558466733	50.77585476727184	8.097193829557739	13.142584122069753	-10.090780585024024	431.6600000000001	485.1437860329805	378.1762139670196	16.958772213018456
2024-10-22	423.2	423.6	418.0	421.6	110277	4640118272.0	420.36	426.64	433.31000000000006	427.0584958798878	420.0756998580308	51.03431580266237	6.982796021856984	11.9106265020272	-9.85566096034043	433.31000000000006	483.1096787138288	383.5103212861713	16.147431340659995
2024-10-23	423.0	432.2	416.6	428.2	146570	6257381376.0	422.84	425.6000000000001	435.34000000000015	427.23411189836656	420.6774998685471	53.90165827582168	6.556612029819519	10.839823607585664	-8.566423155532291	435.34000000000015	480.37642502406175	390.30357497593855	16.10832910204142
2024-10-24	425.0	425.6	419.6	422.0	112028	4728257024.0	424.72	424.38000000000005	436.3300000000001	426.4288639140025	420.7754628412473	50.88707250535054	5.65340107275523	9.802539100619578	-8.298276055728696	436.3300000000001	479.1132283912692	393.546771608731	15.572019880467032
2024-10-25	427.6	427.6	418.6	421.0	119519	5042478592.0	422.7600000000001	422.6000000000001	437.1100000000001	425.593654081079	420.792095223377	50.39748829263467	4.801558857701991	8.802343052036061	-8.00156838866814	437.1100000000001	478.0479453370782	396.1720546629221	15.1025898890051
2024-10-28	421.0	422.2	413.6	417.2	155519	6490536448.0	422.0	420.72	436.47000000000014	424.3023226839899	420.52601409571946	48.48839975758856	3.7763085882704672	7.7971361592829425	-8.04165514202495	436.47000000000014	478.2671593091725	394.6728406908277	14.638119182647593
2024-10-29	419.4	423.4	415.2	418.4	137978	5779088384.0	421.36	420.86	435.5000000000001	423.3942730402992	420.3685315701106	49.1435569179141	3.025741470188507	6.842857221464056	-7.634231502551097	435.5000000000001	478.0606687719584	392.93933122804185	14.178253526744191
2024-10-30	413.6	418.0	410.6	411.0	178955	7390929408.0	417.92	420.3800000000001	433.8200000000001	421.48746180333	419.674566268621	45.31595515838204	1.812895534709014	5.836864884113048	-8.047938698808068	433.8200000000001	477.5059413734532	390.134058626547	13.722663989119605
2024-10-31	410.4	418.8	404.6	404.6	227537	9311202304.0	414.44	419.58	430.5500000000001	418.88939075666383	418.5579317302046	42.250960757856205	0.3314590264592425	4.735783712582287	-8.808649372246089	430.5500000000001	472.5929604846804	388.5070395153199	13.756759418468205
2024-11-01	406.0	422.4	406.0	419.2	210866	8772958208.0	414.08	418.4200000000001	428.2000000000001	418.93717679410014	418.605492342782	50.479473819633306	0.3316844513181536	3.85496386032946	-7.046558818022613	428.2000000000001	466.98035313756577	389.4196468624344	14.045562317149043
2024-11-04	423.0	423.8	416.0	419.0	117061	4907801088.0	414.44	418.22	425.2700000000001	418.9468419027001	418.6347151322056	50.37358714702813	0.312126770494558	3.14639644236248	-5.668539343735844	425.2700000000001	456.4441525863066	394.0958474136936	13.59945072306697
2024-11-05	415.2	427.8	415.2	427.8	152709	6467649536.0	416.32	418.84	422.74	420.3088662253616	419.3136251224125	54.86024582013885	0.9952411029490804	2.7161653744798	-3.44184854306144	422.74	441.50036134767663	403.9796386523234	13.528061385705048
2024-11-06	425.0	426.2	413.2	419.8	207552	8721758208.0	418.08	418.0	421.80000000000007	420.23057911376753	419.34965289112273	50.3993028182198	0.8809262226448027	2.3491175441128007	-2.936382642935996	421.80000000000007	439.0364363150501	404.56356368495005	13.60462842958326
2024-11-07	417.0	429.6	414.4	428.4	199240	8451855360.0	422.84	418.64	421.5100000000001	421.4874130962648	420.0200489732618	54.66684675374947	1.4673641230029943	2.17276685989084	-1.4108054737756903	421.5100000000001	438.0490638060206	404.9709361939794	13.718583541755889
2024-11-08	435.0	436.0	419.4	420.8	193898	8248755200.0	423.16	418.62000000000006	420.61000000000007	421.38165723530096	420.0778231233906	50.52938443066949	1.303834111910362	1.9989803102947443	-1.3902923967687646	420.61000000000007	435.0079384489457	406.2120615510544	13.92439900305904
2024-11-11	412.0	415.6	409.4	413.2	228576	9415370752.0	422.0	418.22	419.4700000000001	420.1229407375624	419.56835474388015	46.72127518306203	0.5545859936822239	1.7101014469722404	-2.311030906580033	419.4700000000001	432.2576749872539	406.6823250127463	13.744084788554826
2024-11-12	409.4	413.8	403.0	403.8	273033	11097703424.0	417.2	416.76	418.81000000000006	417.6117190856297	418.40032846655566	42.45906589124496	-0.7886093809259478	1.210359281392603	-3.9979373246371015	418.81000000000006	433.3736750712052	404.2463249287949	13.533793017943768
2024-11-13	397.2	407.2	396.0	403.8	283072	11330713600.0	414.0	416.04	418.21000000000015	415.4868392263021	417.3188226542182	42.45906589124497	-1.8319834279161	0.6018907395308624	-4.867748334893925	418.21000000000015	434.21340753190657	402.2065924680937	13.36709351666207
2024-11-14	401.6	415.0	397.8	403.4	348989	14209880064.0	409.0	415.9200000000001	417.7500000000001	413.6273254991787	416.28779875390575	42.268764858228735	-2.6604732547270373	-0.0505820593207176	-5.21978239081264	417.7500000000001	434.9188211899751	400.5811788100251	13.640872551186208
2024-11-15	404.0	407.0	399.0	401.0	290613	11694319616.0	405.04	414.1	416.26000000000016	411.6846600377666	415.1553692165794	41.07909219647045	-3.470709178812797	-0.7346074832191335	-5.472203391187327	416.26000000000016	433.8279612692713	398.692038730729	13.237953083244337
2024-11-18	405.2	413.4	401.6	404.2	204935	8334918656.0	403.24	412.62000000000006	415.4200000000001	410.5331738781102	414.34386038572165	43.36782242393304	-3.810686507611479	-1.3498232880976024	-4.921726439027752	415.4200000000001	433.6285694111516	397.2114305888485	13.178099291584024
2024-11-19	406.6	409.0	403.4	406.2	138793	5642161152.0	403.72	410.46	414.6500000000001	409.8665317430163	413.7406114682608	44.81074946740522	-3.874079725244485	-1.8546745755269791	-4.038810299435012	414.6500000000001	433.0595512967617	396.2404487032385	12.63680648504231
2024-11-20	408.2	413.8	406.2	410.8	150051	6154782208.0	405.12000000000006	409.56	413.78	410.01014224409073	413.52278839653775	48.08694787206357	-3.5126461524470187	-2.186268890910987	-2.652754523072064	413.78	431.106049751768	396.4539502482321	12.277034593253576
2024-11-21	409.4	411.4	407.0	407.6	125017	5113866752.0	405.96	407.48	413.06	409.6393511296152	413.0840633301276	46.03945362991263	-3.444712200512356	-2.4379575528312607	-2.0135092953621907	413.06	430.1428815516003	395.9771184483997	11.714389265164035
2024-11-22	408.8	412.4	399.6	400.6	169495	6864777728.0	405.88	405.46	412.0400000000001	408.24868172505904	412.1593178982663	41.84239745654829	-3.910636173207251	-2.732493276906459	-2.356285792601585	412.0400000000001	429.5573177471149	394.5226822528853	11.791932889080886
2024-11-25	400.0	402.4	393.8	395.2	278883	11050847232.0	404.0800000000001	403.66	410.94000000000005	406.2411922288961	410.9030721280244	38.89657615343172	-4.661879899128223	-3.118370601350812	-3.087018595554823	410.94000000000005	429.8042128464601	392.07578715354	11.563937682717963
2024-11-26	392.2	399.2	392.2	393.8	169406	6691212288.0	401.6	402.66	409.71	404.3271626552198	409.6361778963189	38.14674025328921	-5.309015241099075	-3.556499529300465	-3.505031423597221	409.71	429.7005135396696	389.7194864603304	11.237942133952394
2024-11-27	394.6	406.2	392.0	402.8	166856	6663311872.0	400.0	402.56000000000006	409.3	404.0922145544167	409.1297943484434	45.42973615622554	-5.037579794026669	-3.852715582245706	-2.3697284235619263	409.3	429.5142211535066	389.0857788464934	11.449517695812936
2024-11-28	401.4	404.2	397.4	400.0	130676	5231565824.0	398.48	402.22	409.0700000000001	403.46264308450645	408.4535132855957	43.70554956237616	-4.990870201089251	-4.080346506014416	-1.8210473901496709	409.0700000000001	429.6114190049669	388.5285809950333	11.117409288969156
2024-11-29	395.0	402.8	395.0	398.0	156270	6222579200.0	397.96	401.92	408.00999999999993	402.6222364561209	407.6791789681442	42.465783237326185	-5.05694251202334	-4.275665707216201	-1.5625536096142785	408.00999999999993	428.538378303954	387.48162169604586	10.880451482614218
2024-12-02	398.0	401.6	395.6	399.8	133344	5315344384.0	398.88	401.4800000000001	407.05	402.18804623210224	407.09553608161497	44.005275654237046	-4.907489849512729	-4.4020305356755065	-1.0109186276744442	407.05	427.2068063468906	386.8931936531095	10.531847805284633
2024-12-03	403.2	404.4	394.4	404.4	183626	7349822976.0	401.0	401.30000000000007	405.88	402.5283468117788	406.8958667422361	47.84596575939987	-4.367519930457263	-4.395128414631858	0.0552169683491907	405.88	423.5255868942605	388.23441310573946	10.493858676335728
2024-12-04	402.2	405.6	399.8	403.2	140532	5659584512.0	401.08	400.54	405.05	402.6316780715052	406.6220988354038	46.9414283077267	-3.990420763898612	-4.31418688448521	0.6475322411731952	405.05	421.4568663418306	388.6431336581694	10.158583056597465
2024-12-05	403.4	406.6	400.8	405.2	133148	5387437568.0	402.12	400.3	403.88999999999993	403.0268045220429	406.5167581809295	48.682746223215865	-3.489953658886577	-4.149340239365484	1.3187731609578126	403.88999999999993	416.0859268438177	391.6940731561821	9.847255695411931
2024-12-06	406.8	414.6	405.0	412.6	277114	11355635712.0	405.0400000000001	401.5	403.48	404.499603826344	406.9673686860458	54.61743512487143	-2.4677648597018447	-3.813025163432756	2.6905206074618224	403.48	413.6684557995683	393.2915442004317	9.82959457431108
2024-12-09	406.2	421.2	406.2	418.8	224619	9280106496.0	408.84	403.86	403.76	406.6996647761372	407.84385989448685	58.90551392417398	-1.1441951183496712	-3.279259154416139	4.270128072132936	403.76	415.2923617885437	392.22763821145634	10.198909247574576
2024-12-10	430.0	431.0	410.4	411.2	302828	12685586432.0	410.2000000000001	405.6	404.13000000000005	407.3920240413469	408.0924628652656	52.37290084733853	-0.7004388239187165	-2.7634950883166547	4.126112528795876	404.13000000000005	416.13299962512735	392.1270003748728	10.94184430131925
2024-12-11	414.8	415.0	407.2	409.8	130982	5375398400.0	411.52	406.30000000000007	404.43	407.7624818811397	408.2189470974681	51.245480971502126	-0.4564652163284677	-2.3020891139190174	3.6912477951810994	404.43	416.69532982802656	392.1646701719735	10.71742685122502
2024-12-12	414.0	422.8	409.2	415.6	234143	9764008960.0	413.6	407.86	405.0400000000001	408.96825389942586	408.7656917569149	55.517676875717285	0.202562142510942	-1.8011588626330255	4.007442010287935	405.0400000000001	418.2655573955072	391.81444260449297	10.923324933280377
2024-12-13	413.0	415.0	408.6	409.8	162961	6700157952.0	413.0400000000001	409.0400000000001	405.48	409.0962148379757	408.8423071823286	50.73039287869671	0.2539076556470832	-1.3901455589770038	3.288106429248174	405.48	418.7251540294538	392.2348459705463	10.643087438046065
2024-12-16	410.0	411.4	403.8	405.6	140598	5717888000.0	410.4	409.62000000000006	405.55000000000007	408.5583356321333	408.6021362799339	47.53394417636496	-0.0438006478005945	-1.120876576741722	2.1541518578822547	405.55000000000007	418.7814617086763	392.3185382913238	10.4257240496142
2024-12-17	402.0	408.0	401.8	402.6	167790	6775381504.0	408.68000000000006	409.44000000000005	405.37	407.6416686118051	408.1575335925314	45.336566116973	-0.5158649807263487	-0.9998742575386472	0.9680185536245972	405.37	418.6620395647272	392.07796043527287	10.1238866174989
2024-12-18	408.0	408.8	404.0	406.0	149061	6055023104.0	407.92	409.72	405.13000000000005	407.3891042099889	407.99771628938095	48.25602947318859	-0.60861207939206	-0.92162182190933	0.62601948503454	405.13000000000005	418.18036397962913	392.07963602037097	9.843609001963264
2024-12-19	402.2	422.0	401.4	415.2	346712	14310456320.0	407.84	410.72	405.50999999999993	408.59078048537526	408.5312187864638	55.22453733482677	0.059561698911466	-0.7253851177451708	1.5698936333132736	405.50999999999993	419.2856306570986	391.7343693429012	10.611922644680176
2024-12-20	414.2	429.8	414.2	426.4	448340	19091460096.0	411.1600000000001	412.1	406.8	411.3306604107021	409.8548322096887	61.94378322589644	1.4758282010133712	-0.2851424539934623	3.521941310013667	406.8	423.2182183789116	390.3817816210884	10.96821388434588
2024-12-23	430.6	431.0	416.2	420.2	208562	8789977088.0	414.0800000000001	412.24	408.05	412.6951741936709	410.6211409348969	56.85722025098228	2.0740332587740227	0.1866926885600347	3.774681140427976	408.05	424.5561392087831	391.5438607912168	11.241912892606887
2024-12-24	421.0	421.6	417.6	420.0	78738	3304033792.0	417.56	413.12	409.36	413.8189935484908	411.31587123601565	56.69548742236655	2.5031223124751136	0.6499786133430505	3.7062873982641262	409.36	425.2515270373782	393.4684729626218	10.724633400277824
2024-12-27	417.6	421.0	415.6	417.4	135451	5658808320.0	419.84	413.88	410.09	414.3699176179537	411.7665474407552	54.52413951243325	2.603370177198485	1.0406569261141376	3.125426502168695	410.09	426.0538934705044	394.1261065294957	10.34430244311512
2024-12-30	418.0	421.8	415.8	419.0	135156	5658833920.0	420.6	414.22	411.04	415.0822379844224	412.30235874144	55.64980101213286	2.7798792429823607	1.3885013894877822	2.782755706989157	411.04	426.7347728475951	395.34522715240496	10.033995125749756
2024-12-31	417.2	421.4	415.8	417.0	108673	4549302272.0	418.72	414.94	411.99	415.37727829451126	412.650332168	53.85527470696827	2.7269461265112795	1.656190336892482	2.141511579237595	411.99	426.6257744836959	397.35422551630415	9.717281188196198
2025-01-02	417.0	425.0	413.6	416.0	207330	8663881728.0	417.88000000000005	415.9800000000001	412.80000000000007	415.4730816338172	412.8984557111111	52.93611086453478	2.574625922706105	1.8398774540552068	1.4694969373017956	412.80000000000007	426.3478877748028	399.2521122251973	9.837475389039328
2025-01-03	418.0	419.0	410.4	414.2	168432	6981757440.0	416.72	417.14	413.29	415.2772229209223	412.99486639917694	51.24084371277897	2.282356521745328	1.928373267593231	0.7079665083041937	413.29	426.2550380071587	400.3249619928413	9.749084289822234
2025-01-06	415.0	415.0	407.2	409.4	168693	6913962496.0	415.12	417.4800000000001	413.6	414.3730347792419	412.72857999923787	46.925199268302265	1.6444547800040257	1.87158957007539	-0.454269580142729	413.6	425.8245654319797	401.3754345680204	9.60986398340636
2025-01-07	380.6	392.8	376.6	379.6	1429205	54765125632.0	407.24000000000007	413.92	412.3200000000001	409.02333712089694	410.27461111040543	30.02051077911276	-1.2512739895084906	1.247016858158614	-4.996581695334209	412.3200000000001	431.5827920586684	393.0572079413317	11.266302270305903
2025-01-08	371.2	379.8	365.6	369.2	954562	35455057920.0	397.68000000000006	408.2	410.15	402.89666987152816	407.2320473244495	26.44058614502625	-4.335377452921307	0.1305379959426296	-8.931830897727874	410.15	437.4016151139077	382.89838488609234	11.475852108141195
2025-01-09	365.0	379.4	365.0	373.4	605784	22635954176.0	389.16	403.52	407.88	398.35872066052383	404.7259697448606	30.067486142178268	-6.367249084336777	-1.1690194201132518	-10.396459328447053	407.88	439.3368108264205	376.4231891735795	11.684719814702538
2025-01-10	373.6	379.4	369.6	369.6	370539	13862841344.0	380.24	398.48	405.80000000000007	393.9343020973664	402.1240460600561	28.68921405284761	-8.18974396268976	-2.573164328628554	-11.233159268122414	405.80000000000007	441.5419994728414	370.0580005271588	11.550096970795211
2025-01-13	364.8	371.6	364.8	366.0	347850	12807672832.0	371.56	393.34	403.61	389.63671715931	399.4481907963482	27.407444438510225	-9.811473637038205	-4.020826190310484	-11.58129489345544	403.61	443.452315510823	363.7676844891769	11.210804330024123
2025-01-14	365.6	379.6	365.6	375.0	406238	15194363904.0	370.64	388.94	401.5800000000001	387.38491451941616	397.6372137003224	35.20177984172024	-10.252299180906276	-5.267120788429644	-9.970356784953267	401.5800000000001	442.9577260192866	360.2022739807136	11.410032592165258
2025-01-15	373.4	385.4	373.0	380.0	291583	11078585344.0	372.8	385.24000000000007	400.0900000000001	386.2487738241214	396.3307534262245	39.1130972880649	-10.081979602103104	-6.230092551164336	-7.703774101877537	400.0900000000001	442.3580120434603	357.8219879565399	11.48074454986774
2025-01-16	384.0	386.6	376.6	382.4	261411	9980556288.0	374.6	381.88000000000005	398.93000000000006	385.6566547742565	395.2988457650226	40.955420989157815	-9.642190990766096	-6.912512239084688	-5.459357503362817	398.93000000000006	441.8299865047311	356.03001349526903	11.374977082020042
2025-01-17	381.0	382.2	378.4	379.8	171383	6508061184.0	376.64	378.44000000000005	397.7900000000001	384.7556309628324	394.15078311576167	39.558944768393474	-9.395152152929256	-7.409040221853602	-3.972223862151308	397.7900000000001	441.4837620502757	354.0962379497244	10.848193004732895
2025-01-20	380.2	392.8	380.2	389.8	311414	12097854464.0	381.4000000000001	376.48	396.9800000000001	385.5316877377813	393.8285028849645	47.0387714805555	-8.296815147183224	-7.586595206919527	-1.420439880527395	396.9800000000001	440.6335451023266	353.3264548976736	11.001893504394834
2025-01-21	392.0	392.2	386.4	387.4	252497	9804257280.0	383.88000000000005	377.2600000000001	395.59	385.81912039350726	393.3523174860782	45.58083793625996	-7.533197092570958	-7.575915584049814	0.0854369829577113	395.59	438.56592471679954	352.6140752832005	10.630329682652349
2025-01-22	385.0	388.6	381.0	383.4	178591	6847451648.0	384.56	378.68	393.44	385.4469480252754	392.6151087834057	43.17876910239949	-7.168160758130341	-7.49436461886592	0.6524077214711586	393.44	434.1696814052025	352.7103185947975	10.413877562462895
2025-01-23	383.0	386.0	379.6	381.2	212568	8126061568.0	384.3200000000001	379.46	391.49	384.79357140600223	391.76954516982016	41.8717800773572	-6.975973763817933	-7.390686447856323	0.8294253680767802	391.49	430.5243384592112	352.4556615407888	10.127172022286972
2025-01-24	383.2	392.4	382.2	390.6	240791	9365231616.0	386.48	381.56	390.02	385.6868681127712	391.682912194278	48.97814899227531	-5.996044081506796	-7.111757974586419	2.231427786159246	390.02	426.67552877090407	353.3644712290959	10.203802592123616
2025-01-27	388.0	398.0	388.0	395.6	236059	9317465088.0	387.64	384.52	388.93	387.211965326191	391.9730668465537	52.317388663934274	-4.761101520362672	-6.64162668374167	3.761050326757996	388.93	423.38803550011534	354.47196449988456	10.189245264114785
2025-01-28	401.0	406.0	399.0	401.2	142035	5712247808.0	390.4	387.14	388.04	389.3639706606231	392.65654337643855	55.80603581763096	-3.2925727158154245	-5.971815890156421	5.358486348681993	388.04	420.06120350151	356.0187964984901	10.204299173820871
2025-02-03	400.0	404.8	394.2	404.2	279178	11162153984.0	394.56000000000006	389.56000000000006	387.4	391.6464367128349	393.5116142374431	57.59591067241827	-1.865177524608157	-5.150488217046768	6.570621384877223	387.4	417.4340858990311	357.3659141009689	10.232563518547954
2025-02-04	409.2	421.2	407.0	420.8	312763	13026603008.0	402.4800000000001	393.4	387.64	396.1316002954757	395.5329761457807	65.84009782948719	0.5986241496950697	-4.0006657436984	9.19857978678694	387.64	418.69569868886447	356.5843013111356	10.715951838651671
2025-02-05	421.6	421.6	410.0	417.8	321294	13372039168.0	407.92	397.2000000000001	387.82	399.4652002500179	397.18238532016727	63.43961560377094	2.2828149298506446	-2.7439696089885914	10.053569077678471	387.82	419.5581125695053	356.0818874304947	10.77909813589084
2025-02-06	416.2	420.4	413.4	420.4	195851	8177045504.0	412.88	400.2600000000001	388.37	402.685938673092	398.9022086297845	64.64277448786278	3.7837300433075134	-1.4384296785293706	10.44431944367377	388.37	422.0071411264214	354.7328588735785	10.50916255475578
2025-02-07	420.4	432.4	417.8	428.2	345675	14741791744.0	418.28	404.34	390.8	406.6111788772317	401.0724153979487	68.04071111234549	5.538763479283091	-0.0429910469668783	11.163509052499938	390.8	428.5410568005447	353.0589431994553	10.80136522941608
2025-02-10	429.6	439.8	428.8	437.0	314113	13701175296.0	424.84	409.7000000000001	394.19	411.2863821268884	403.7337179610636	71.38224183297223	7.552664165824808	1.476139995591459	12.153048340466698	394.19	435.7487801857464	352.63121981425365	10.858410570172078
2025-02-11	440.0	441.2	425.6	427.4	308936	13324638208.0	426.16	414.3200000000001	396.89	413.7654002612133	405.4867758898737	63.57323333850634	8.27862437133956	2.83663687074108	10.883975001196962	396.89	439.75762488357327	354.0223751164268	11.197095529445498
2025-02-12	429.0	444.6	426.0	444.2	382649	16740640768.0	431.44000000000005	419.68	400.62	418.4476463748728	408.3544221202534	69.79967663190097	10.093224254619372	4.287954347516738	11.610539814205268	400.62	446.3744751909672	354.8655248090328	11.725874420199393
2025-02-13	449.0	464.6	437.0	442.0	609857	27423907840.0	435.76	424.32	404.4200000000001	422.0710853941231	410.8466871483828	68.15671971128556	11.224398245740304	5.675243127161451	11.098310237157705	404.4200000000001	450.689125775195	358.15087422480514	12.859740533042295
2025-02-14	449.8	474.8	446.6	474.8	745192	34511560704.0	445.08	431.68	409.4100000000001	430.1832261027195	415.583969581836	76.89045473468342	14.599256520883555	7.460045805905873	14.278421429955367	409.4100000000001	463.229890668597	355.59010933140314	14.284044780682132
2025-02-17	506.0	512.0	485.0	493.6	1262236	63032651776.0	456.4000000000001	440.62000000000006	415.0900000000001	439.9396528561473	421.3629347979963	80.23638764019836	18.576718058151016	9.6833802563549	17.78667560359223	415.0900000000001	478.89318091394506	351.2868190860551	15.920898724919123
2025-02-18	494.2	513.0	493.8	503.5	625295	31471022080.0	471.62000000000006	448.89	421.1450000000001	449.7181678013554	427.4471618499966	81.73601513864071	22.2710059513588	12.200905395355685	20.14020111200624	421.1450000000001	494.2000614263018	348.0899385736984	16.16940595885347
2025-02-19	500.0	500.5	493.2	497.8	341272	16979621888.0	482.34	456.8900000000001	427.0450000000001	457.115372754993	432.6584831944413	78.06329132509217	24.4568895605517	14.652102228394888	19.609574664313627	427.0450000000001	504.940110987726	349.1498890122741	15.750162676078224
2025-02-20	491.2	493.0	482.6	486.8	345492	16830027776.0	491.3	463.53	431.895	461.68223848499406	436.668965920779	71.39597512057342	25.01327256421507	16.724336295558928	16.577872537312288	431.895	512.0715807780789	351.7184192219211	15.710865342072635
2025-02-21	505.0	517.0	499.4	517.0	735452	37396803584.0	499.74	472.4100000000001	438.3750000000001	470.1926633334565	442.6194128896102	77.16289782465705	27.57325044384629	18.8941191252164	17.358262637259784	438.3750000000001	524.1624944879901	352.58750551201007	16.74580353192459
2025-02-24	522.0	522.0	497.2	497.2	675428	34199697408.0	500.46	478.43000000000006	444.06500000000005	474.3476382052324	446.66241934223166	67.54746246427794	27.685218863000728	20.652339072773263	14.065759580454923	444.06500000000005	529.5951799612926	358.5348200387075	17.321103279644262
2025-02-25	477.8	491.0	476.4	484.8	565095	27378432000.0	496.72	484.1700000000001	449.2450000000001	475.9556938659659	449.4874253168812	62.310684905854096	26.468268549084712	21.81552496803556	9.30548716209831	449.2450000000001	531.2191801454999	367.2708198545003	17.569595902526817
2025-02-26	488.0	508.0	487.8	501.5	404897	20234074112.0	497.4600000000001	489.9	454.79	479.8855871173557	453.34020862674186	66.12024492017457	26.54537849061387	22.761495672551224	7.567765636125294	454.79	535.0465596597659	374.53344034023416	17.971767623774902
2025-02-27	503.5	512.0	491.6	495.4	389028	19434078208.0	499.18	495.24000000000007	459.78	482.27241986853176	456.45574872846464	63.591787444668746	25.816671140067115	23.372530766054403	4.888280748025423	459.78	536.8896444237579	382.67035557624223	18.145212793505262
2025-02-28	492.8	497.8	476.0	478.6	521608	25187448832.0	491.50000000000006	495.62000000000006	463.65	481.70743219645	458.0960636374673	57.1139837345262	23.61136855898269	23.42029832464006	0.3821404686852574	463.65	536.0030088851686	391.29699111483137	18.40626902254061
2025-03-03	483.6	497.0	479.8	483.2	327520	15971446784.0	488.7000000000001	494.58	467.6000000000001	481.9370580123808	459.9556144791364	58.364596235536304	21.981443533244374	23.132527366360925	-2.302167666233103	467.6000000000001	534.7242367397587	400.4757632602415	18.40582123521628
2025-03-04	479.0	493.0	473.2	491.0	311250	15131839488.0	489.94	493.33	471.1100000000001	483.3313567797068	462.255198591793	60.46963150487	21.076158187913848	22.72125353067151	-3.290190685515327	471.1100000000001	535.2033825305775	407.0166174694227	18.50540543270083
2025-03-05	502.0	509.0	498.0	505.5	351658	17704411136.0	490.74	494.1000000000001	475.49500000000006	486.7419172751365	465.4585172146232	64.10302573884695	21.28340006051337	22.43368283663988	-2.300565552253019	475.49500000000006	536.1388602784657	414.8511397215345	18.46930504465077
2025-03-06	521.0	544.0	521.0	544.0	796839	42493521920.0	500.46	499.8200000000001	481.675	495.55085307896167	471.2764048283548	71.573967061681	24.27444825060689	22.801835919433284	2.945224662347222	481.675	543.8506383159862	419.4993616840138	19.90006897003286
2025-03-07	539.0	547.0	529.0	533.5	464944	24958095360.0	511.44	501.47000000000014	486.94000000000005	501.3891833745061	475.8855600262544	67.45091713371636	25.503623348251608	23.34219340519695	4.322859886109313	486.94000000000005	547.8704141494325	426.0095858505677	19.76434975788765
2025-03-10	528.0	537.5	512.0	516.5	344150	17943130112.0	518.1	503.4000000000001	490.915	503.7139243938128	478.8940370613467	61.29448352395112	24.819887332466124	23.637732190650787	2.3643102836306724	490.915	548.403169034573	433.426830965427	20.17403906089568
2025-03-11	501.5	520.0	500.5	517.5	338528	17316784128.0	523.4000000000001	506.67	495.42	505.834859102457	481.7537380197654	61.5169917733392	24.081121082691595	23.72640996905895	0.7094222272652928	495.42	545.6089734167957	445.2310265832043	20.125893413688846
2025-03-12	523.0	525.0	505.0	512.0	280311	14392005632.0	524.7	507.72	498.81	506.7833423174636	483.9942018701532	59.4912967628855	22.789140447310444	23.538956064709247	-1.4996312347976044	498.81	543.2634007934769	454.35659920652313	20.116901026996786
2025-03-13	513.0	516.0	499.2	507.5	273269	13847803904.0	517.4	508.93	502.085	506.8935973455461	485.7353721019937	57.813862681317936	21.158225243552465	23.06280990047789	-3.809169313850852	502.085	537.6854893520506	466.48451064794943	19.879979525068443
2025-03-14	513.0	531.0	507.5	521.5	307117	16031720448.0	515.0	513.22	504.42	509.1407362154621	488.3846037981423	61.45517791264864	20.756132417319805	22.601474403846275	-3.690683973052941	504.42	538.5823122599679	470.25768774003205	20.13855241613498
2025-03-17	532.0	534.5	522.0	524.5	220962	11643060224.0	516.6	517.35	505.965	511.50369987462176	491.0598183316132	62.20795571286971	20.44388154300856	22.16995583167873	-3.4521485773403526	505.965	540.8541341854553	471.0758658145447	19.628655814982483
2025-03-18	538.5	543.5	533.5	541.0	336398	18122094592.0	521.3000000000001	522.35	507.84	516.0415922016031	494.75909104779	66.12636610732939	21.282501153813087	21.99246489610561	-1.4199274845850385	507.84	546.0444582683633	469.6355417316367	19.58375182819802
2025-03-19	542.5	545.0	534.0	540.0	316042	17070298112.0	526.9000000000001	525.8	509.9500000000001	519.7275010936642	498.1102694886944	65.68188238108559	21.61723160496973	21.91741823787843	-0.6003732658173959	509.9500000000001	550.4142272162794	469.4857727837208	18.97062669761245
2025-03-20	540.5	541.0	518.0	519.5	498450	26156574720.0	529.3000000000001	523.35	511.5850000000001	519.6925009254081	499.69469397101335	57.194495729551456	19.997806954394772	21.5334959811817	-3.071378053573852	511.5850000000001	550.7318100468257	472.43818995317446	19.258439076354417
2025-03-21	518.0	526.0	505.5	511.5	422605	21649094656.0	527.3	521.15	511.3100000000001	518.432116167653	500.5691610842716	54.248468941953774	17.862955083381394	20.79938780162164	-5.872865436480495	511.3100000000001	550.3738290089727	472.2461709910275	19.34712199947196
2025-03-24	514.0	517.5	504.5	513.0	245986	12575592448.0	525.0	520.8	512.1000000000001	517.5964059880141	501.4899639669182	54.719424953908906	16.106442021095916	19.860798645516496	-7.508713248841161	512.1000000000001	550.5972999736774	473.6027000263228	18.89375614236682
2025-03-25	513.0	515.5	501.0	502.0	277449	14019728384.0	517.2	519.25	512.96	515.1969589129351	501.52774441381314	50.60548092224711	13.66921449912195	18.62248181623759	-9.906534634231278	512.96	549.6137942316901	476.3062057683099	18.579916417912045
2025-03-26	502.0	510.5	502.0	506.5	173106	8757798912.0	510.50000000000006	518.7	513.21	513.858965234022	501.8960596424196	52.18909138887435	11.962905591602407	17.290566571310553	-10.655321959416291	513.21	549.6019539979596	476.8180460020405	17.859922388061186
2025-03-27	509.0	516.0	502.0	509.0	175956	8980372480.0	508.4000000000001	518.85	513.8900000000001	513.1114321210955	502.4222774466848	53.08891474276705	10.689154674410702	15.970284191930585	-10.562259035039762	513.8900000000001	549.3777532619224	478.40224673807785	17.584213646056817
2025-03-28	511.5	516.5	503.5	509.5	185943	9479836672.0	508.0	517.65	515.4350000000001	512.5558271793885	502.9465531913749	53.27830756189447	9.609273988013683	14.698082151147204	-10.177616326267042	515.4350000000001	546.918347310838	483.951652689162	17.256769814195614
2025-03-31	505.0	507.5	494.6	497.0	280370	13996725248.0	504.8	514.9	516.125	510.16262299794414	502.5060677697916	48.054938132726015	7.65655522815257	13.28977676654828	-11.266443076791418	516.125	545.142009530711	487.107990469289	17.08842911318164
2025-04-01	501.0	511.5	500.0	504.0	195180	9865122816.0	505.2	511.19999999999993	516.7750000000001	509.2145271521066	502.6167294164737	50.95475102441148	6.597797735632923	11.95138096036521	-10.707166449464571	516.7750000000001	543.9459500444113	489.6040499555888	16.903541319382953
2025-04-02	505.0	509.0	499.2	504.0	142475	7168421888.0	504.7000000000001	507.6	516.7	508.4122922056287	502.7191939041423	50.95475102441148	5.693098301486373	10.699724428589445	-10.01325225420614	516.7	544.0099172270345	489.3900827729656	16.3961455108556
2025-04-03	493.0	500.5	491.2	497.8	292196	14472385536.0	502.46	505.43	514.39	506.7796318663012	502.3548091705021	48.191266332775335	4.424822695799094	9.444744082031374	-10.03984277246456	514.39	539.7210626867928	489.0589373132072	16.139277974365918
2025-04-07	441.8	462.4	431.0	435.4	1233641	54994759680.0	487.64	497.82	509.485	495.7981500407164	497.3951936763908	30.35044029286408	-1.5970436356744244	7.236386538490215	-17.66686034832928	509.485	551.6399659932837	467.3300340067162	19.757900976196925
2025-04-08	440.8	451.2	430.0	440.4	651201	28693495808.0	476.32	490.56	505.68	487.27535772676	493.1733274781397	32.5065860409105	-5.897969751379605	4.60951528051625	-21.01497006379171	505.68	557.7425372938535	453.61746270614645	19.860908049325715
2025-04-09	426.0	447.0	419.0	441.2	664842	28808417280.0	463.76	484.48	501.865	480.1868411534124	489.3234513686478	32.86469515177721	-9.136610215235407	1.8602901813659187	-21.99380079320265	501.865	560.9844784892622	442.7455215107377	20.442271760088165
2025-04-10	460.0	461.6	443.0	444.8	578000	26103189504.0	451.92	478.31000000000006	498.505	474.7427117451951	486.0254179339332	34.5476649261369	-11.282706188738077	-0.7683090926548801	-21.02879419216639	498.505	562.6260852914049	434.383914708595	20.439252348653294
2025-04-11	440.0	452.6	432.0	443.4	465946	20558651392.0	441.04	471.7500000000001	495.3	469.92075609208814	482.86797956845663	34.188727694919194	-12.947223476368492	-3.2040919693976027	-19.48626301394178	495.3	563.7872635105111	426.8127364894889	20.45073432374949
2025-04-14	453.0	459.2	448.8	454.0	303465	13773743104.0	444.76	466.2000000000001	491.925	467.47140900099765	480.7296107115339	39.32853464032325	-13.25820171053624	-5.2149139176253305	-16.08657558582182	491.925	561.6180676912047	422.2319323087952	20.118539014910244
2025-04-15	464.6	464.6	451.6	456.0	202454	9242295296.0	447.88	462.1	488.5	465.706576846998	478.8977876958648	40.27630259420061	-13.191210848866715	-6.810173303873609	-12.762075089986215	488.5	558.1853076714418	418.8146923285581	19.610071942416653
2025-04-16	450.6	451.6	440.2	448.0	273228	12171377664.0	449.24000000000007	456.50000000000006	483.8499999999999	462.982488101306	476.6090626813562	37.736917133372366	-13.626574580050203	-8.173453559108928	-10.90624204188255	483.8499999999999	551.1556656722101	416.54433432778967	19.337923946529752
2025-04-17	450.4	462.0	449.8	458.0	244798	11188898816.0	451.88000000000005	451.9	479.75	462.2159514703358	475.2306135938483	42.60799557060773	-13.014662123512494	-9.141695271989642	-7.745933703045704	479.75	542.4891424869708	417.0108575130291	18.95664366463477
2025-04-22	460.0	462.8	453.2	460.4	240437	11018599424.0	455.28	448.1600000000001	476.7949999999999	461.9365743210534	474.13204962393365	43.74548613711863	-12.195475302880254	-9.752451278167763	-4.8860480494249785	476.7949999999999	537.1739253927178	416.4160746072819	18.28831197430372
2025-04-23	476.0	479.4	471.4	474.2	270014	12813464576.0	459.3200000000001	452.0400000000001	474.93	463.8232551947375	474.13708298512375	49.894864050602806	-10.313827790386256	-9.864726580611464	-0.8982024195495839	474.93	533.0576308968865	416.8023691031134	18.339146833282022
2025-04-24	477.0	477.8	465.0	471.0	189120	8907706368.0	462.32	455.1000000000001	472.8299999999999	464.9273697801625	473.9047064677072	48.56903105657892	-8.977336687544721	-9.687248601998116	1.4198238289067897	472.8299999999999	528.1326543571631	417.5273456428368	17.943493488047594
